
epoch: 5Background_f1: 0.7709993426432156
Background_precision: 0.84249623322471
Background_recall: 0.7106881059352093
OverTaking_f1: 0.6092118210964035
OverTaking_precision: 0.5089366215857862
OverTaking_recall: 0.7586970271979759
LaneChange_f1: 0.1801429277720347
LaneChange_precision: 0.10457652768355685
LaneChange_recall: 0.6493843162670123
WrongLane_f1: 0.09703761101508018
WrongLane_precision: 0.05276463343488689
WrongLane_recall: 0.6029629629629629
Cutting_f1: 0.020226387084802375
Cutting_precision: 0.010311228833601362
Cutting_recall: 0.5265700483091788


epoch: 5weighted_roc_auc: 0.7149320048502434
weighted_f1: 0.6744688219712064
weighted_precision: 0.6912046005948892
weighted_recall: 0.7152749251804471


epoch: 10Background_f1: 0.7910298094746119
Background_precision: 0.8138560620271369
Background_recall: 0.7694490423267912
OverTaking_f1: 0.5806615222983009
OverTaking_precision: 0.5358742895352725
OverTaking_recall: 0.633617963314358
LaneChange_f1: 0.18977189876054582
LaneChange_precision: 0.11305534872176719
LaneChange_recall: 0.5904082955281919
WrongLane_f1: 0.10785856678207954
WrongLane_precision: 0.0628285050727295
WrongLane_recall: 0.38074074074074077
Cutting_f1: 0.03127909141686837
Cutting_precision: 0.016266460108443067
Cutting_recall: 0.4057971014492754


epoch: 10weighted_roc_auc: 0.6946465498920109
weighted_f1: 0.6815728217207151
weighted_precision: 0.6797173630223232
weighted_recall: 0.7132992977720399


epoch: 15Background_f1: 0.7701578732619817
Background_precision: 0.8209434593509535
Background_recall: 0.7252896665878458
OverTaking_f1: 0.5833138739700436
OverTaking_precision: 0.5045299786485082
OverTaking_recall: 0.6912555344718533
LaneChange_f1: 0.19448493683187562
LaneChange_precision: 0.11967409179249514
LaneChange_recall: 0.5187945560596241
WrongLane_f1: 0.09960384833050367
WrongLane_precision: 0.057068741893644616
WrongLane_recall: 0.39111111111111113
Cutting_f1: 0.034472331418203814
Cutting_precision: 0.018387096774193548
Cutting_recall: 0.2753623188405797


epoch: 15weighted_roc_auc: 0.6936039351790233
weighted_f1: 0.6684959123894412
weighted_precision: 0.6769089737411362
weighted_recall: 0.6937581910294779


epoch: 20Background_f1: 0.7701736143932948
Background_precision: 0.8246069765872748
Background_recall: 0.7224816741546465
OverTaking_f1: 0.5849844278046518
OverTaking_precision: 0.5034789551728072
OverTaking_recall: 0.6979759645793802
LaneChange_f1: 0.18788471495138928
LaneChange_precision: 0.1142197663845562
LaneChange_recall: 0.5291639662994168
WrongLane_f1: 0.0972814823844935
WrongLane_precision: 0.05822267620020429
WrongLane_recall: 0.29555555555555557
Cutting_f1: 0.034821679303566416
Cutting_precision: 0.018485390578413835
Cutting_recall: 0.2995169082125604


epoch: 20weighted_roc_auc: 0.6954999737004383
weighted_f1: 0.6684613008665781
weighted_precision: 0.6787750003855231
weighted_recall: 0.6917630029536608

