
epoch: 5Background_f1: 0.7185266343194032
Background_precision: 0.8727871899953525
Background_recall: 0.6106053440529676
OverTaking_f1: 0.5661456737153949
OverTaking_precision: 0.418137920627735
OverTaking_recall: 0.8763440860215054
LaneChange_f1: 0.19312818576552762
LaneChange_precision: 0.11302618495193902
LaneChange_recall: 0.6629941672067401
WrongLane_f1: 0.09677210686331586
WrongLane_precision: 0.053015805514210784
WrongLane_recall: 0.554074074074074
Cutting_f1: 0.02371456289748841
Cutting_precision: 0.012127894156560088
Cutting_recall: 0.5314009661835749


epoch: 5weighted_roc_auc: 0.7081357433676075
weighted_f1: 0.6298798664691829
weighted_precision: 0.689310589173535
weighted_recall: 0.6776988830858909


epoch: 10Background_f1: 0.8116654449283487
Background_precision: 0.7899890881620548
Background_recall: 0.8345649089619296
OverTaking_f1: 0.5803689813236353
OverTaking_precision: 0.5571314277401993
OverTaking_recall: 0.605629348513599
LaneChange_f1: 0.1919401266551526
LaneChange_precision: 0.11670400448053767
LaneChange_recall: 0.5401814646791964
WrongLane_f1: 0.07880547490667773
WrongLane_precision: 0.08953817153628653
WrongLane_recall: 0.07037037037037037
Cutting_f1: 0.039532794249775384
Cutting_precision: 0.024282560706401765
Cutting_recall: 0.10628019323671498


epoch: 10weighted_roc_auc: 0.679396799648866
weighted_f1: 0.694553725700541
weighted_precision: 0.670139872625312
weighted_recall: 0.7370263873403361


epoch: 15Background_f1: 0.7789241773074954
Background_precision: 0.8197642141014336
Background_recall: 0.741960274296524
OverTaking_f1: 0.5826217659662924
OverTaking_precision: 0.4891788840556361
OverTaking_recall: 0.7201929158760279
LaneChange_f1: 0.1948759880076315
LaneChange_precision: 0.12338222605694564
LaneChange_recall: 0.46338302009073234
WrongLane_f1: 0.11401497783891182
WrongLane_precision: 0.07182746004236472
WrongLane_recall: 0.2762962962962963
Cutting_f1: 0.012844729882886288
Cutting_precision: 0.0069672131147540985
Cutting_recall: 0.0821256038647343


epoch: 15weighted_roc_auc: 0.6945921691731057
weighted_f1: 0.6744426039310817
weighted_precision: 0.6728979960252542
weighted_recall: 0.7047904074487021


epoch: 20Background_f1: 0.7841333539126408
Background_precision: 0.8205310420569805
Background_recall: 0.7508276188224167
OverTaking_f1: 0.5912287685774946
OverTaking_precision: 0.5093164151806127
OverTaking_recall: 0.7045382669196711
LaneChange_f1: 0.18430305844888212
LaneChange_precision: 0.11587553182614499
LaneChange_recall: 0.45009721322099805
WrongLane_f1: 0.11086646807408367
WrongLane_precision: 0.06717940668654843
WrongLane_recall: 0.31703703703703706
Cutting_f1: 0.013001083423618635
Cutting_precision: 0.007321537522879805
Cutting_recall: 0.057971014492753624


epoch: 20weighted_roc_auc: 0.6974513951937139
weighted_f1: 0.6792985796819939
weighted_precision: 0.6778131150868631
weighted_recall: 0.706961641531209

