
epoch: 5Background_f1: 0.7932601638584016
Background_precision: 0.8314861624214143
Background_recall: 0.7583944194845117
OverTaking_f1: 0.6084225732500079
OverTaking_precision: 0.5046626725709821
OverTaking_recall: 0.7658918406072106
LaneChange_f1: 0.20117917745182629
LaneChange_precision: 0.12927370171872113
LaneChange_recall: 0.4533376539209332
WrongLane_f1: 0.10097919216646267
WrongLane_precision: 0.056304384917249616
WrongLane_recall: 0.4888888888888889
Cutting_f1: 0.035919181840858065
Cutting_precision: 0.01893740136770121
Cutting_recall: 0.34782608695652173


epoch: 5weighted_roc_auc: 0.7142506076008802
weighted_f1: 0.6904427105570029
weighted_precision: 0.6844802326730519
weighted_recall: 0.7330555718561117


epoch: 10Background_f1: 0.7950996148831003
Background_precision: 0.8162629973227071
Background_recall: 0.7750059115630172
OverTaking_f1: 0.5917102392742132
OverTaking_precision: 0.5264000985767975
OverTaking_recall: 0.6755218216318786
LaneChange_f1: 0.19593006592146747
LaneChange_precision: 0.11901943032244586
LaneChange_recall: 0.5537913156189241
WrongLane_f1: 0.09135522838807096
WrongLane_precision: 0.061296859169199594
WrongLane_recall: 0.17925925925925926
Cutting_f1: 0.01270078446021666
Cutting_precision: 0.006882591093117409
Cutting_recall: 0.0821256038647343


epoch: 10weighted_roc_auc: 0.698112925609076
weighted_f1: 0.6868603188624711
weighted_precision: 0.6792478452053073
weighted_recall: 0.7185024353030925


epoch: 15Background_f1: 0.7867515845178757
Background_precision: 0.8203195175157192
Background_recall: 0.7558228895720028
OverTaking_f1: 0.5889224307651922
OverTaking_precision: 0.5033654924837334
OverTaking_recall: 0.7095192915876027
LaneChange_f1: 0.1797807158980974
LaneChange_precision: 0.11966087143163769
LaneChange_recall: 0.3613091380427738
WrongLane_f1: 0.09533898305084747
WrongLane_precision: 0.0599087105363256
WrongLane_recall: 0.23333333333333334
Cutting_f1: 0.01877581674802854
Cutting_precision: 0.01017915309446254
Cutting_recall: 0.12077294685990338


epoch: 15weighted_roc_auc: 0.6960007850241048
weighted_f1: 0.6798010293248429
weighted_precision: 0.6762489282451872
weighted_recall: 0.704184026758993


epoch: 20Background_f1: 0.7678198984222007
Background_precision: 0.8321427338923975
Background_recall: 0.7127275951761646
OverTaking_f1: 0.5830515025606339
OverTaking_precision: 0.4919289091798467
OverTaking_recall: 0.7156072106261859
LaneChange_f1: 0.18323673651359784
LaneChange_precision: 0.11064746264638578
LaneChange_recall: 0.5327284510693454
WrongLane_f1: 0.10227658851512061
WrongLane_precision: 0.06635802469135803
WrongLane_recall: 0.22296296296296297
Cutting_f1: 0.015267175572519085
Cutting_precision: 0.009066183136899365
Cutting_recall: 0.04830917874396135


epoch: 20weighted_roc_auc: 0.6984159240196758
weighted_f1: 0.6661976111833553
weighted_precision: 0.6808655188334743
weighted_recall: 0.6869510787708076

