weighted_roc_auc: 0.6499664878794597
weighted_f1: 0.6646621969633358
weighted_precision: 0.6719610682667283
weighted_recall: 0.6593125734430082

