
epoch: 5Background_f1: 0.6503750937734434
Background_precision: 0.8897270114942529
Background_recall: 0.5125029557815086
OverTaking_f1: 0.5517568613740229
OverTaking_precision: 0.4032487680233619
OverTaking_recall: 0.8734187223276407
LaneChange_f1: 0.15744098935727452
LaneChange_precision: 0.08667190363969625
LaneChange_recall: 0.8580686973428386
WrongLane_f1: 0.09238796807857581
WrongLane_precision: 0.04962083745466535
WrongLane_recall: 0.6688888888888889
Cutting_f1: 0.026223415238488545
Cutting_precision: 0.013398037767697015
Cutting_recall: 0.6135265700483091


epoch: 5weighted_roc_auc: 0.6893220790282106
weighted_f1: 0.5789590957537464
weighted_precision: 0.6951619758200196
weighted_recall: 0.6271932398333431


epoch: 10Background_f1: 0.7932175477653588
Background_precision: 0.8192384012094869
Background_recall: 0.7687987703948924
OverTaking_f1: 0.5988079470198676
OverTaking_precision: 0.515154968094804
OverTaking_recall: 0.7148956356736242
LaneChange_f1: 0.18036403750689467
LaneChange_precision: 0.12589835728952772
LaneChange_recall: 0.31788723266364227
WrongLane_f1: 0.10089974293059124
WrongLane_precision: 0.056586772391421875
WrongLane_recall: 0.4651851851851852
Cutting_f1: 0.028189550425273387
Cutting_precision: 0.014841351074718526
Cutting_recall: 0.28019323671497587


epoch: 10weighted_roc_auc: 0.7005788918801445
weighted_f1: 0.686745932350322
weighted_precision: 0.6787579026891775
weighted_recall: 0.718248146626763


epoch: 15Background_f1: 0.7933518499264782
Background_precision: 0.7973428869980594
Background_recall: 0.7894005675100496
OverTaking_f1: 0.5477248352995251
OverTaking_precision: 0.5312035661218425
OverTaking_recall: 0.5653067678684377
LaneChange_f1: 0.19142314990512335
LaneChange_precision: 0.12498761026860937
LaneChange_recall: 0.4086195722618276
WrongLane_f1: 0.10163243812532911
WrongLane_precision: 0.057646356033452806
WrongLane_recall: 0.4288888888888889
Cutting_f1: 0.02809482001755926
Cutting_precision: 0.014716026672798345
Cutting_recall: 0.30917874396135264


epoch: 15weighted_roc_auc: 0.675197995255756
weighted_f1: 0.6748832181875289
weighted_precision: 0.6682109387297844
weighted_recall: 0.6995090272480097


epoch: 20Background_f1: 0.7627129297881703
Background_precision: 0.8142531203865253
Background_recall: 0.7173090565145425
OverTaking_f1: 0.5641113197882874
OverTaking_precision: 0.49648374105908516
OverTaking_recall: 0.653067678684377
LaneChange_f1: 0.182796379517691
LaneChange_precision: 0.11358451978289939
LaneChange_recall: 0.4679196370706416
WrongLane_f1: 0.09426732066217045
WrongLane_precision: 0.05257308941699436
WrongLane_recall: 0.45555555555555555
Cutting_f1: 0.025619128949615714
Cutting_precision: 0.013611615245009074
Cutting_recall: 0.21739130434782608


epoch: 20weighted_roc_auc: 0.6818916674718668
weighted_f1: 0.6579359091417508
weighted_precision: 0.6699851540197351
weighted_recall: 0.6774250337421512

