weighted_roc_auc: 0.681264151242371
weighted_f1: 0.6823885646506379
weighted_precision: 0.6822550999582138
weighted_recall: 0.6829024676850763

