
epoch: 5Background_f1: 0.7765455179188188
Background_precision: 0.8368162261831592
Background_recall: 0.7243733743201702
OverTaking_f1: 0.600158836825707
OverTaking_precision: 0.48899950223992034
OverTaking_recall: 0.7767235926628716
LaneChange_f1: 0.18821351434742364
LaneChange_precision: 0.10892301413193205
LaneChange_recall: 0.6918340894361633
WrongLane_f1: 0.11313622249223708
WrongLane_precision: 0.06917615981508998
WrongLane_recall: 0.31037037037037035
Cutting_f1: 0.04182509505703422
Cutting_precision: 0.022380467955239063
Cutting_recall: 0.3188405797101449


epoch: 5weighted_roc_auc: 0.7118182192505146
weighted_f1: 0.6768991555800422
weighted_precision: 0.6832578147367603
weighted_recall: 0.7227862214658765


epoch: 10Background_f1: 0.7720703187314552
Background_precision: 0.8386705482775352
Background_recall: 0.7152695672735871
OverTaking_f1: 0.5955638198964005
OverTaking_precision: 0.513395923975269
OverTaking_recall: 0.709044908285895
LaneChange_f1: 0.18135266081065113
LaneChange_precision: 0.10322407066947671
LaneChange_recall: 0.745949449125081
WrongLane_f1: 0.11107650783764145
WrongLane_precision: 0.06459012435108052
WrongLane_recall: 0.3962962962962963
Cutting_f1: 0.034739454094292806
Cutting_precision: 0.01874521805661821
Cutting_recall: 0.23671497584541062


epoch: 10weighted_roc_auc: 0.7094121845297985
weighted_f1: 0.6723035205526332
weighted_precision: 0.6900408826919869
weighted_recall: 0.7052207421317216


epoch: 15Background_f1: 0.793874581914718
Background_precision: 0.8058524405468773
Background_recall: 0.782247576259163
OverTaking_f1: 0.5903182744326565
OverTaking_precision: 0.5311670249083322
OverTaking_recall: 0.6642947501581278
LaneChange_f1: 0.18023145513185354
LaneChange_precision: 0.12741416309012876
LaneChange_recall: 0.30784186649384315
WrongLane_f1: 0.08463489520758243
WrongLane_precision: 0.051620257287086795
WrongLane_recall: 0.2348148148148148
Cutting_f1: 0.03149976492712741
Cutting_precision: 0.016555473190017298
Cutting_recall: 0.32367149758454106


epoch: 15weighted_roc_auc: 0.6870881302089531
weighted_f1: 0.6846562647100136
weighted_precision: 0.6738281152750538
weighted_recall: 0.7081157209083974


epoch: 20Background_f1: 0.7693567951606043
Background_precision: 0.8236583802745641
Background_recall: 0.7217722865925751
OverTaking_f1: 0.5830186222164344
OverTaking_precision: 0.49557228248837726
OverTaking_recall: 0.7079380139152435
LaneChange_f1: 0.19347705914870092
LaneChange_precision: 0.11936339522546419
LaneChange_recall: 0.5103694102397927
WrongLane_f1: 0.08771645897394399
WrongLane_precision: 0.0561192793539035
WrongLane_recall: 0.20074074074074075
Cutting_f1: 0.01571890892279242
Cutting_precision: 0.008691206543967281
Cutting_recall: 0.0821256038647343


epoch: 20weighted_roc_auc: 0.6935031291295327
weighted_f1: 0.6674420489009206
weighted_precision: 0.6764063942826165
weighted_recall: 0.6892396768577744

