
epoch: 5Background_f1: 0.8164221178171305
Background_precision: 0.7989700930877401
Background_recall: 0.8346535824071885
OverTaking_f1: 0.5997780720907757
OverTaking_precision: 0.5479756687814769
OverTaking_recall: 0.6623972169512966
LaneChange_f1: 0.1026944585663447
LaneChange_precision: 0.10763765541740675
LaneChange_recall: 0.0981853532080363
WrongLane_f1: 0.09991532599491958
WrongLane_precision: 0.05477397700492752
WrongLane_recall: 0.5681481481481482
Cutting_f1: 0.041666666666666664
Cutting_precision: 0.022004889975550123
Cutting_recall: 0.391304347826087


epoch: 5weighted_roc_auc: 0.6891433529042783
weighted_f1: 0.6976822943689175
weighted_precision: 0.6723436053027454
weighted_recall: 0.7387477260724136


epoch: 10Background_f1: 0.7916028194912658
Background_precision: 0.8218785796105383
Background_recall: 0.7634783636793568
OverTaking_f1: 0.5994519151105729
OverTaking_precision: 0.5020817764492367
OverTaking_recall: 0.7436748893105629
LaneChange_f1: 0.18989872068230276
LaneChange_precision: 0.11952692501258178
LaneChange_recall: 0.46176279974076473
WrongLane_f1: 0.0961771319840858
WrongLane_precision: 0.06273978785827126
WrongLane_recall: 0.20592592592592593
Cutting_f1: 0.03093792833365968
Cutting_precision: 0.016122448979591836
Cutting_recall: 0.38164251207729466


epoch: 10weighted_roc_auc: 0.7030457455562475
weighted_f1: 0.686298635500972
weighted_precision: 0.677053822448799
weighted_recall: 0.7240967861823445


epoch: 15Background_f1: 0.7249111293409899
Background_precision: 0.8593192868719611
Background_recall: 0.6268621423504375
OverTaking_f1: 0.5853686019324489
OverTaking_precision: 0.4546846965121876
OverTaking_recall: 0.8214737507906389
LaneChange_f1: 0.19789378836515176
LaneChange_precision: 0.11976007088814668
LaneChange_recall: 0.5693454309786131
WrongLane_f1: 0.10012004801920768
WrongLane_precision: 0.05974212034383954
WrongLane_recall: 0.3088888888888889
Cutting_f1: 0.02907077349022322
Cutting_precision: 0.01507537688442211
Cutting_recall: 0.4057971014492754


epoch: 15weighted_roc_auc: 0.7046285369750587
weighted_f1: 0.639258559766431
weighted_precision: 0.6900356825534186
weighted_recall: 0.662245955832013


epoch: 20Background_f1: 0.7622763395641119
Background_precision: 0.830320130978507
Background_recall: 0.704540080397257
OverTaking_f1: 0.589801717807082
OverTaking_precision: 0.49467087997429166
OverTaking_recall: 0.7302340290955092
LaneChange_f1: 0.1962809917355372
LaneChange_precision: 0.12079281974569933
LaneChange_recall: 0.5233311730395334
WrongLane_f1: 0.10839205637411917
WrongLane_precision: 0.06553059643687065
WrongLane_recall: 0.31333333333333335
Cutting_f1: 0.024733768464445208
Cutting_precision: 0.013313609467455622
Cutting_recall: 0.17391304347826086


epoch: 20weighted_roc_auc: 0.6986301426810375
weighted_f1: 0.6651862675044515
weighted_precision: 0.680945500562652
weighted_recall: 0.6874792167908769

