
epoch: 5Background_f1: 0.796071793464172
Background_precision: 0.8222397227909907
Background_recall: 0.7715180893828328
OverTaking_f1: 0.6048544020755812
OverTaking_precision: 0.5322319014719135
OverTaking_recall: 0.700426944971537
LaneChange_f1: 0.1961453180965376
LaneChange_precision: 0.11894090877749432
LaneChange_recall: 0.5589760207388205
WrongLane_f1: 0.0845858475041141
WrongLane_precision: 0.04567535545023697
WrongLane_recall: 0.5711111111111111
Cutting_f1: 0.028633261195272184
Cutting_precision: 0.014827586206896552
Cutting_recall: 0.41545893719806765


epoch: 5weighted_roc_auc: 0.7076044322860272
weighted_f1: 0.6906543400186942
weighted_precision: 0.6842608234252989
weighted_recall: 0.7343661365725799


epoch: 10Background_f1: 0.7985608220389371
Background_precision: 0.8245962028903372
Background_recall: 0.774119177110428
OverTaking_f1: 0.6058825538892494
OverTaking_precision: 0.5334135338345865
OverTaking_recall: 0.7011385199240987
LaneChange_f1: 0.20363917924893535
LaneChange_precision: 0.12277425808602868
LaneChange_recall: 0.5965651328580687
WrongLane_f1: 0.10179361751688798
WrongLane_precision: 0.06039248203427308
WrongLane_recall: 0.3237037037037037
Cutting_f1: 0.025629496402877695
Cutting_precision: 0.013440226361707145
Cutting_recall: 0.2753623188405797


epoch: 10weighted_roc_auc: 0.7101491742204724
weighted_f1: 0.6934504913517979
weighted_precision: 0.6867270396921615
weighted_recall: 0.731432036461084


epoch: 15Background_f1: 0.8063888151491019
Background_precision: 0.8047035968681934
Background_recall: 0.8080811066445969
OverTaking_f1: 0.5840632038036678
OverTaking_precision: 0.5330505709624797
OverTaking_recall: 0.6458728652751423
LaneChange_f1: 0.20186287982898155
LaneChange_precision: 0.1320415501398322
LaneChange_recall: 0.42838626053143225
WrongLane_f1: 0.06879227053140098
WrongLane_precision: 0.0465359477124183
WrongLane_recall: 0.13185185185185186
Cutting_f1: 0.0106951871657754
Cutting_precision: 0.005745062836624776
Cutting_recall: 0.07729468599033816


epoch: 15weighted_roc_auc: 0.6897145895604012
weighted_f1: 0.6921935354330956
weighted_precision: 0.6736351288447202
weighted_recall: 0.7242141501868044


epoch: 20Background_f1: 0.7877729792642961
Background_precision: 0.817390198944893
Background_recall: 0.7602270040198629
OverTaking_f1: 0.5808428075430594
OverTaking_precision: 0.509982068141064
OverTaking_recall: 0.674573055028463
LaneChange_f1: 0.2018571341870486
LaneChange_precision: 0.124187887387051
LaneChange_recall: 0.5388852883992223
WrongLane_f1: 0.08282290279627164
WrongLane_precision: 0.05048701298701299
WrongLane_recall: 0.23037037037037036
Cutting_f1: 0.010672358591248666
Cutting_precision: 0.00576036866359447
Cutting_recall: 0.07246376811594203


epoch: 20weighted_roc_auc: 0.6949214459558063
weighted_f1: 0.6794473422408479
weighted_precision: 0.6759539168842609
weighted_recall: 0.7088981476047963

