
epoch: 5Background_f1: 0.813210373285559
Background_precision: 0.8080604681024922
Background_recall: 0.8184263419248049
OverTaking_f1: 0.5921494774934455
OverTaking_precision: 0.5555324603339569
OverTaking_recall: 0.6339342188488298
LaneChange_f1: 0.18881863144055594
LaneChange_precision: 0.11701714906494917
LaneChange_recall: 0.48865845755022685
WrongLane_f1: 0.08588839307134975
WrongLane_precision: 0.04591862911087168
WrongLane_recall: 0.662962962962963
Cutting_f1: 0.028505747126436783
Cutting_precision: 0.014719848053181387
Cutting_recall: 0.4492753623188406


epoch: 5weighted_roc_auc: 0.6989711434396242
weighted_f1: 0.698444619002429
weighted_precision: 0.6805318231521726
weighted_recall: 0.7472761770631614


epoch: 10Background_f1: 0.797478329393223
Background_precision: 0.8023335826477188
Background_recall: 0.79268148498463
OverTaking_f1: 0.5743630688829208
OverTaking_precision: 0.5308600563531464
OverTaking_recall: 0.6256325110689437
LaneChange_f1: 0.20961663417803766
LaneChange_precision: 0.13109557867360208
LaneChange_recall: 0.5226830848995463
WrongLane_f1: 0.11788617886178862
WrongLane_precision: 0.07331166486096063
WrongLane_recall: 0.30074074074074075
Cutting_f1: 0.026161238654564867
Cutting_precision: 0.013845719129697655
Cutting_recall: 0.23671497584541062


epoch: 10weighted_roc_auc: 0.6869168372616838
weighted_f1: 0.685724030009996
weighted_precision: 0.6722075294505623
weighted_recall: 0.7198130000195607


epoch: 15Background_f1: 0.7848872261814583
Background_precision: 0.8227515799708313
Background_recall: 0.7503546937810357
OverTaking_f1: 0.5910486456983012
OverTaking_precision: 0.5198007920316813
OverTaking_recall: 0.6849304237824162
LaneChange_f1: 0.19972520609542843
LaneChange_precision: 0.12370416215379855
LaneChange_recall: 0.518146467919637
WrongLane_f1: 0.10732738374823861
WrongLane_precision: 0.06377337426737371
WrongLane_recall: 0.3385185185185185
Cutting_f1: 0.031966643502432245
Cutting_precision: 0.016788321167883213
Cutting_recall: 0.3333333333333333


epoch: 15weighted_roc_auc: 0.7007954588408646
weighted_f1: 0.680667193948689
weighted_precision: 0.6822974425080529
weighted_recall: 0.7075875828883281


epoch: 20Background_f1: 0.7842331918284777
Background_precision: 0.8143480059836404
Background_recall: 0.7562662567982975
OverTaking_f1: 0.5771765280150623
OverTaking_precision: 0.5162477390382336
OverTaking_recall: 0.6544117647058824
LaneChange_f1: 0.18968065283043115
LaneChange_precision: 0.1182976677085838
LaneChange_recall: 0.4782890473104342
WrongLane_f1: 0.10313447927199192
WrongLane_precision: 0.06405885519468868
WrongLane_recall: 0.2644444444444444
Cutting_f1: 0.025526043463263193
Cutting_precision: 0.0137444279346211
Cutting_recall: 0.178743961352657


epoch: 20weighted_roc_auc: 0.6902333016919289
weighted_f1: 0.676059229797241
weighted_precision: 0.675525972564953
weighted_recall: 0.6989613285605305

