
epoch: 5Background_f1: 0.8060690565075939
Background_precision: 0.8179024553503514
Background_recall: 0.7945731851501537
OverTaking_f1: 0.6092881355932204
OverTaking_precision: 0.533289817232376
OverTaking_recall: 0.7105471220746363
LaneChange_f1: 0.1889950733068202
LaneChange_precision: 0.11568926676840346
LaneChange_recall: 0.5158781594296824
WrongLane_f1: 0.12403340550572221
WrongLane_precision: 0.07838154808444096
WrongLane_recall: 0.29703703703703704
Cutting_f1: 0.037163208423660575
Cutting_precision: 0.01985440105890139
Cutting_recall: 0.2898550724637681


epoch: 5weighted_roc_auc: 0.707396940021731
weighted_f1: 0.6990118212262434
weighted_precision: 0.6823399938569461
weighted_recall: 0.7417796295209592


epoch: 10Background_f1: 0.781593874957379
Background_precision: 0.821603128054741
Background_recall: 0.745300307401277
OverTaking_f1: 0.5752028292074058
OverTaking_precision: 0.5122267506483883
OverTaking_recall: 0.6558349146110057
LaneChange_f1: 0.19882219460802852
LaneChange_precision: 0.11930234066005317
LaneChange_recall: 0.5962410887880751
WrongLane_f1: 0.10441954559601617
WrongLane_precision: 0.0583376804034081
WrongLane_recall: 0.49703703703703705
Cutting_f1: 0.030287385992083977
Cutting_precision: 0.015703069236259814
Cutting_recall: 0.4251207729468599


epoch: 10weighted_roc_auc: 0.6977158694029968
weighted_f1: 0.67442932788351
weighted_precision: 0.6792499344268186
weighted_recall: 0.7063161395066799


epoch: 15Background_f1: 0.7857481894321018
Background_precision: 0.8151148384637378
Background_recall: 0.758423977299598
OverTaking_f1: 0.5850742118252286
OverTaking_precision: 0.5220519818869798
OverTaking_recall: 0.6654016445287793
LaneChange_f1: 0.1958894021557207
LaneChange_precision: 0.12344949793266391
LaneChange_recall: 0.4740764744005185
WrongLane_f1: 0.10500636402206194
WrongLane_precision: 0.061277543946521414
WrongLane_recall: 0.36666666666666664
Cutting_f1: 0.02262180974477958
Cutting_precision: 0.01203332304844184
Cutting_recall: 0.18840579710144928


epoch: 15weighted_roc_auc: 0.6937242258963539
weighted_f1: 0.6794281903865553
weighted_precision: 0.6777000452757218
weighted_recall: 0.705592394812511


epoch: 20Background_f1: 0.7756266367377478
Background_precision: 0.8205474934036939
Background_recall: 0.7353688815322771
OverTaking_f1: 0.580040096503449
OverTaking_precision: 0.5086109290268757
OverTaking_recall: 0.6748102466793169
LaneChange_f1: 0.19142438309308576
LaneChange_precision: 0.11794370013548096
LaneChange_recall: 0.5077770576798445
WrongLane_f1: 0.10599501508592417
WrongLane_precision: 0.06440299697114618
WrongLane_recall: 0.2992592592592593
Cutting_f1: 0.0223463687150838
Cutting_precision: 0.012043658261196839
Cutting_recall: 0.15458937198067632


epoch: 20weighted_roc_auc: 0.6932034462652212
weighted_f1: 0.6712399923635622
weighted_precision: 0.6777201097149014
weighted_recall: 0.6927801576589794

