weighted_roc_auc: 0.6621883887688225
weighted_f1: 0.6640741509864481
weighted_precision: 0.6825829177469244
weighted_recall: 0.647150411280846

