
epoch: 5Background_f1: 0.7479479479479479
Background_precision: 0.8585874061590317
Background_recall: 0.6625679829746985
OverTaking_f1: 0.5981678057292424
OverTaking_precision: 0.47311036481575197
OverTaking_recall: 0.8130929791271347
LaneChange_f1: 0.16917942225802743
LaneChange_precision: 0.09594882729211088
LaneChange_recall: 0.7145171743357096
WrongLane_f1: 0.10537519957424162
WrongLane_precision: 0.05871388630009319
WrongLane_recall: 0.5133333333333333
Cutting_f1: 0.0313686643552914
Cutting_precision: 0.01623931623931624
Cutting_recall: 0.45893719806763283


epoch: 5weighted_roc_auc: 0.7149101984425313
weighted_f1: 0.6560851067400871
weighted_precision: 0.6926501258797824
weighted_recall: 0.6981789018641316


epoch: 10Background_f1: 0.765418073227733
Background_precision: 0.84872588540167
Background_recall: 0.6970028375502483
OverTaking_f1: 0.6051167291641466
OverTaking_precision: 0.48996082272282077
OverTaking_recall: 0.7910341555977229
LaneChange_f1: 0.1813248926068279
LaneChange_precision: 0.10536549477113878
LaneChange_recall: 0.6497083603370059
WrongLane_f1: 0.08043658797010322
WrongLane_precision: 0.047888119790930925
WrongLane_recall: 0.2511111111111111
Cutting_f1: 0.043047783039173476
Cutting_precision: 0.022527596305474205
Cutting_recall: 0.4830917874396135


epoch: 10weighted_roc_auc: 0.7145163293832166
weighted_f1: 0.6694875016595703
weighted_precision: 0.6906008788945144
weighted_recall: 0.7047708467812922


epoch: 15Background_f1: 0.7494929173331574
Background_precision: 0.8476630982132866
Background_recall: 0.6717013478363679
OverTaking_f1: 0.5891544400356802
OverTaking_precision: 0.4821527463122388
OverTaking_recall: 0.7571948134092347
LaneChange_f1: 0.18779201205727203
LaneChange_precision: 0.11112432368155063
LaneChange_recall: 0.6056383668178872
WrongLane_f1: 0.10146641438032168
WrongLane_precision: 0.06037151702786378
WrongLane_recall: 0.31777777777777777
Cutting_f1: 0.016238159675236806
Cutting_precision: 0.00944138473642801
Cutting_recall: 0.057971014492753624


epoch: 15weighted_roc_auc: 0.7051175003426322
weighted_f1: 0.6558366458240247
weighted_precision: 0.6885900954877145
weighted_recall: 0.6770338203939519


epoch: 20Background_f1: 0.7585043940720564
Background_precision: 0.8400976941311687
Background_recall: 0.6913572948687633
OverTaking_f1: 0.5895010202188833
OverTaking_precision: 0.4840085287846482
OverTaking_recall: 0.7537950664136622
LaneChange_f1: 0.18557304159597493
LaneChange_precision: 0.11322909973584636
LaneChange_recall: 0.5139338950097213
WrongLane_f1: 0.10659025787965615
WrongLane_precision: 0.07181467181467181
WrongLane_recall: 0.20666666666666667
Cutting_f1: 0.006263048016701462
Cutting_precision: 0.0039946737683089215
Cutting_recall: 0.014492753623188406


epoch: 20weighted_roc_auc: 0.7019575857207672
weighted_f1: 0.6618469430474819
weighted_precision: 0.6844497929722162
weighted_recall: 0.6805547405277468

