weighted_roc_auc: 0.6873070882357241
weighted_f1: 0.6867983704838903
weighted_precision: 0.6851056221041543
weighted_recall: 0.6887191539365453

