
epoch: 5Background_f1: 0.790854895212341
Background_precision: 0.8234992960450531
Background_recall: 0.7606999290612438
OverTaking_f1: 0.5983270354939766
OverTaking_precision: 0.5057603057603057
OverTaking_recall: 0.7323687539531942
LaneChange_f1: 0.20051652208463014
LaneChange_precision: 0.12600915522263836
LaneChange_recall: 0.49060272197018795
WrongLane_f1: 0.10882688856257136
WrongLane_precision: 0.061147781444811145
WrongLane_recall: 0.49407407407407405
Cutting_f1: 0.02808909065115619
Cutting_precision: 0.014469453376205787
Cutting_recall: 0.4782608695652174


epoch: 5weighted_roc_auc: 0.7065208017042997
weighted_f1: 0.6864888188922632
weighted_precision: 0.6793790166044446
weighted_recall: 0.7292021203763472


epoch: 10Background_f1: 0.6880595945849152
Background_precision: 0.8727966563692532
Background_recall: 0.5678647434381651
OverTaking_f1: 0.577733806029626
OverTaking_precision: 0.4427734950924639
OverTaking_recall: 0.8310404807084124
LaneChange_f1: 0.17182501168266293
LaneChange_precision: 0.09663203008126794
LaneChange_recall: 0.7744653272845107
WrongLane_f1: 0.09408482142857143
WrongLane_precision: 0.05087507543753772
WrongLane_recall: 0.6244444444444445
Cutting_f1: 0.02177208212760094
Cutting_precision: 0.011205673758865248
Cutting_recall: 0.38164251207729466


epoch: 10weighted_roc_auc: 0.6996101668793796
weighted_f1: 0.6112196604002357
weighted_precision: 0.6943618922080789
weighted_recall: 0.646186647888426


epoch: 15Background_f1: 0.7089035193547275
Background_precision: 0.8501860272840016
Background_recall: 0.6078860250650272
OverTaking_f1: 0.5700542965061378
OverTaking_precision: 0.45475517890772127
OverTaking_recall: 0.7636780518659076
LaneChange_f1: 0.17430669152052344
LaneChange_precision: 0.09874574371794319
LaneChange_recall: 0.7423849643551523
WrongLane_f1: 0.11233134609350486
WrongLane_precision: 0.06540007307270734
WrongLane_recall: 0.3977777777777778
Cutting_f1: 0.02955426356589147
Cutting_precision: 0.015557255802091304
Cutting_recall: 0.2946859903381642


epoch: 15weighted_roc_auc: 0.6916411529748462
weighted_f1: 0.6237768931564165
weighted_precision: 0.6828917902628945
weighted_recall: 0.6477319406138138


epoch: 20Background_f1: 0.7427872461877192
Background_precision: 0.8285849434195685
Background_recall: 0.6730905651454244
OverTaking_f1: 0.5604441449247457
OverTaking_precision: 0.4716685572300546
OverTaking_recall: 0.6903858317520557
LaneChange_f1: 0.19108343711083436
LaneChange_precision: 0.11289658014009064
LaneChange_recall: 0.6215165262475697
WrongLane_f1: 0.09639555417056196
WrongLane_precision: 0.05605895855986469
WrongLane_recall: 0.3437037037037037
Cutting_f1: 0.02167338709677419
Cutting_precision: 0.011433129486838606
Cutting_recall: 0.20772946859903382


epoch: 20weighted_roc_auc: 0.6862766150212092
weighted_f1: 0.6443827540288016
weighted_precision: 0.6733719620481676
weighted_recall: 0.663673884552941

