
epoch: 5Background_f1: 0.7894075487504072
Background_precision: 0.8306833393189461
Background_recall: 0.7520394892409553
OverTaking_f1: 0.6053917494930693
OverTaking_precision: 0.522282764554058
OverTaking_recall: 0.719955724225174
LaneChange_f1: 0.1741308872273183
LaneChange_precision: 0.09881889763779528
LaneChange_recall: 0.7320155541153597
WrongLane_f1: 0.08019769664754976
WrongLane_precision: 0.04279245658556003
WrongLane_recall: 0.6370370370370371
Cutting_f1: 0.04231517509727627
Cutting_precision: 0.022279129321382842
Cutting_recall: 0.42028985507246375


epoch: 5weighted_roc_auc: 0.7117067666131919
weighted_f1: 0.684987678473778
weighted_precision: 0.6861265547050951
weighted_recall: 0.7385129980634939


epoch: 10Background_f1: 0.739771197846568
Background_precision: 0.8585598250546704
Background_recall: 0.6498581224875857
OverTaking_f1: 0.5884594290332824
OverTaking_precision: 0.46342350534212323
OverTaking_recall: 0.8058981657179001
LaneChange_f1: 0.17665669830537856
LaneChange_precision: 0.1019662780807525
LaneChange_recall: 0.6604018146467919
WrongLane_f1: 0.09212018140589569
WrongLane_precision: 0.050932455727942326
WrongLane_recall: 0.48148148148148145
Cutting_f1: 0.03310886644219978
Cutting_precision: 0.01757521596663688
Cutting_recall: 0.28502415458937197


epoch: 10weighted_roc_auc: 0.7093950031524331
weighted_f1: 0.648380423198559
weighted_precision: 0.6903984765352542
weighted_recall: 0.683175869960683


epoch: 15Background_f1: 0.778216828174491
Background_precision: 0.8287689533097321
Background_recall: 0.7334771813667533
OverTaking_f1: 0.5959750265674814
OverTaking_precision: 0.5137998167659185
OverTaking_recall: 0.7094402277039848
LaneChange_f1: 0.18945599663936147
LaneChange_precision: 0.11304674771274596
LaneChange_recall: 0.5845755022683085
WrongLane_f1: 0.08401665194903495
WrongLane_precision: 0.05063098677208454
WrongLane_recall: 0.24666666666666667
Cutting_f1: 0.02717391304347826
Cutting_precision: 0.015309246785058175
Cutting_recall: 0.12077294685990338


epoch: 15weighted_roc_auc: 0.7026365400880386
weighted_f1: 0.6762168212465064
weighted_precision: 0.6837985724722444
weighted_recall: 0.7032059933884944


epoch: 20Background_f1: 0.7812138861923913
Background_precision: 0.8159783693308011
Background_recall: 0.7492906124379286
OverTaking_f1: 0.5807697519989158
OverTaking_precision: 0.5081218875978184
OverTaking_recall: 0.6776565464895635
LaneChange_f1: 0.1909289477065399
LaneChange_precision: 0.11907051282051281
LaneChange_recall: 0.48152948801036943
WrongLane_f1: 0.07997698504027619
WrongLane_precision: 0.04962513388075687
WrongLane_recall: 0.20592592592592593
Cutting_f1: 0.03228285933897002
Cutting_precision: 0.01753653444676409
Cutting_recall: 0.2028985507246377


epoch: 20weighted_roc_auc: 0.6908120773950336
weighted_f1: 0.6744412932584785
weighted_precision: 0.6742754028807089
weighted_recall: 0.6988439645560707

