
epoch: 5Background_f1: 0.7580358319062047
Background_precision: 0.8557778108268888
Background_recall: 0.6803322298415702
OverTaking_f1: 0.5929912963811269
OverTaking_precision: 0.46481149012567324
OverTaking_recall: 0.818785578747628
LaneChange_f1: 0.18619396320771567
LaneChange_precision: 0.10797514241325738
LaneChange_recall: 0.6756318859364874
WrongLane_f1: 0.1083580526958646
WrongLane_precision: 0.0614121835443038
WrongLane_recall: 0.46
Cutting_f1: 0.02499003057290974
Cutting_precision: 0.012848551120831055
Cutting_recall: 0.45410628019323673


epoch: 5weighted_roc_auc: 0.716731204114501
weighted_f1: 0.6625603556052312
weighted_precision: 0.689521115943097
weighted_recall: 0.7075680222209182


epoch: 10Background_f1: 0.8025283610909969
Background_precision: 0.8195403007148139
Background_recall: 0.7862083234807283
OverTaking_f1: 0.6025497195308516
OverTaking_precision: 0.5285382000357846
OverTaking_recall: 0.7006641366223909
LaneChange_f1: 0.19407687460617518
LaneChange_precision: 0.11580398546183732
LaneChange_recall: 0.5988334413480233
WrongLane_f1: 0.13757370019653384
WrongLane_precision: 0.09065222510007064
WrongLane_recall: 0.2851851851851852
Cutting_f1: 0.029045643153526972
Cutting_precision: 0.018494055482166448
Cutting_recall: 0.06763285024154589


epoch: 10weighted_roc_auc: 0.7069583751834474
weighted_f1: 0.6956330133890729
weighted_precision: 0.6825737628922661
weighted_recall: 0.7375936466952252


epoch: 15Background_f1: 0.7844670957410771
Background_precision: 0.8187311178247734
Background_recall: 0.7529557815086309
OverTaking_f1: 0.5815082747002279
OverTaking_precision: 0.49940425531914895
OverTaking_recall: 0.6959203036053131
LaneChange_f1: 0.1894922514804082
LaneChange_precision: 0.11761025961839225
LaneChange_recall: 0.4873622812702528
WrongLane_f1: 0.12039705411463338
WrongLane_precision: 0.07679738562091504
WrongLane_recall: 0.2785185185185185
Cutting_f1: 0.014669926650366748
Cutting_precision: 0.008161044613710556
Cutting_recall: 0.07246376811594203


epoch: 15weighted_roc_auc: 0.6950774159422832
weighted_f1: 0.6776862317833563
weighted_precision: 0.6745317619766047
weighted_recall: 0.7075289008860982


epoch: 20Background_f1: 0.7786183338272683
Background_precision: 0.8243006704316523
Background_recall: 0.7377335067391818
OverTaking_f1: 0.5916573752213551
OverTaking_precision: 0.5054914266502297
OverTaking_recall: 0.7132352941176471
LaneChange_f1: 0.17817856229214632
LaneChange_precision: 0.11099601593625498
LaneChange_recall: 0.45139338950097213
WrongLane_f1: 0.10949298813376483
WrongLane_precision: 0.06693043191559513
WrongLane_recall: 0.30074074074074075
Cutting_f1: 0.014395886889460155
Cutting_precision: 0.00805523590333717
Cutting_recall: 0.06763285024154589


epoch: 20weighted_roc_auc: 0.697970811144346
weighted_f1: 0.675354585561178
weighted_precision: 0.6790632996579444
weighted_recall: 0.7001349686051288

