
epoch: 5Background_f1: 0.7864582515120572
Background_precision: 0.839318646682091
Background_recall: 0.7398616694253961
OverTaking_f1: 0.6144683043044332
OverTaking_precision: 0.518275131700429
OverTaking_recall: 0.7545066413662239
LaneChange_f1: 0.19251224264125114
LaneChange_precision: 0.11493241119144923
LaneChange_recall: 0.592352559948153
WrongLane_f1: 0.0843349946252321
WrongLane_precision: 0.0451454279137895
WrongLane_recall: 0.6392592592592593
Cutting_f1: 0.02179128348660536
Cutting_precision: 0.011125854853526589
Cutting_recall: 0.5265700483091788


epoch: 5weighted_roc_auc: 0.7188438787284457
weighted_f1: 0.6864171996403787
weighted_precision: 0.6918393506028723
weighted_recall: 0.7310603837802946


epoch: 10Background_f1: 0.8047852742433509
Background_precision: 0.8123588400036137
Background_recall: 0.7973516197682667
OverTaking_f1: 0.5937891758300797
OverTaking_precision: 0.5427935302206797
OverTaking_recall: 0.655360531309298
LaneChange_f1: 0.1968365553602812
LaneChange_precision: 0.12315712307566995
LaneChange_recall: 0.4899546338302009
WrongLane_f1: 0.10324196465841101
WrongLane_precision: 0.06356004796984753
WrongLane_recall: 0.2748148148148148
Cutting_f1: 0.032674399607907204
Cutting_precision: 0.016909029421711193
Cutting_recall: 0.4830917874396135


epoch: 10weighted_roc_auc: 0.6991273007570016
weighted_f1: 0.6942338821459894
weighted_precision: 0.6810700851064007
weighted_recall: 0.7285957396866382


epoch: 15Background_f1: 0.7570152137164936
Background_precision: 0.8312767386769437
Background_recall: 0.6949337904942067
OverTaking_f1: 0.579186902471059
OverTaking_precision: 0.4719028420685879
OverTaking_recall: 0.7496046805819102
LaneChange_f1: 0.19522800152182185
LaneChange_precision: 0.11728596617253315
LaneChange_recall: 0.5819831497083603
WrongLane_f1: 0.08315929371558761
WrongLane_precision: 0.05591013530763339
WrongLane_recall: 0.1622222222222222
Cutting_f1: 0.014487981560750743
Cutting_precision: 0.0077738515901060075
Cutting_recall: 0.10628019323671498


epoch: 15weighted_roc_auc: 0.6951233057137991
weighted_f1: 0.65830706970064
weighted_precision: 0.6754575070116142
weighted_recall: 0.6851906187039102


epoch: 20Background_f1: 0.7760859062076274
Background_precision: 0.820876331146352
Background_recall: 0.735930480018917
OverTaking_f1: 0.5825949584449481
OverTaking_precision: 0.514996964177292
OverTaking_recall: 0.6706198608475649
LaneChange_f1: 0.18698149329929803
LaneChange_precision: 0.11641767323585506
LaneChange_recall: 0.4747245625405055
WrongLane_f1: 0.10000000000000002
WrongLane_precision: 0.05764439411098528
WrongLane_recall: 0.37703703703703706
Cutting_f1: 0.01273148148148148
Cutting_precision: 0.006771314250538628
Cutting_recall: 0.10628019323671498


epoch: 20weighted_roc_auc: 0.6935347925611663
weighted_f1: 0.6717105748531278
weighted_precision: 0.6792257139049607
weighted_recall: 0.6919781702951705

