weighted_roc_auc: 0.5257839499571673
weighted_f1: 0.11397561400277127
weighted_precision: 0.5287697707006324
weighted_recall: 0.06618774719509242

weighted_roc_auc: 0.5257839499571673
weighted_f1: 0.11397561400277127
weighted_precision: 0.5287697707006324
weighted_recall: 0.06618774719509242

