
epoch: 5Background_f1: 0.7943303977667073
Background_precision: 0.83054346073214
Background_recall: 0.7611432962875384
OverTaking_f1: 0.6088522228769726
OverTaking_precision: 0.5195552575706783
OverTaking_recall: 0.7352150537634409
LaneChange_f1: 0.17699617075592114
LaneChange_precision: 0.10361432445895832
LaneChange_recall: 0.6066104990278678
WrongLane_f1: 0.11754229741763135
WrongLane_precision: 0.07095684226693288
WrongLane_recall: 0.3422222222222222
Cutting_f1: 0.02423603793466807
Cutting_precision: 0.012816940651992199
Cutting_recall: 0.2222222222222222


epoch: 5weighted_roc_auc: 0.7126816074170405
weighted_f1: 0.6901875491757182
weighted_precision: 0.6863540854468512
weighted_recall: 0.732155781155253


epoch: 10Background_f1: 0.7905829039667266
Background_precision: 0.8322768265586198
Background_recall: 0.752867108063372
OverTaking_f1: 0.601430385669407
OverTaking_precision: 0.5208984601134653
OverTaking_recall: 0.7114168247944339
LaneChange_f1: 0.19312340935176406
LaneChange_precision: 0.11413909042647319
LaneChange_recall: 0.6270252754374595
WrongLane_f1: 0.10872127283441367
WrongLane_precision: 0.06785582934902537
WrongLane_recall: 0.2733333333333333
Cutting_f1: 0.010757946210268949
Cutting_precision: 0.0056657223796034
Cutting_recall: 0.10628019323671498


epoch: 10weighted_roc_auc: 0.7111643617890738
weighted_f1: 0.686557357342106
weighted_precision: 0.6883579744313947
weighted_recall: 0.7197347573499208


epoch: 15Background_f1: 0.7913469538689101
Background_precision: 0.8265207595751529
Background_recall: 0.7590446914164105
OverTaking_f1: 0.599546908315565
OverTaking_precision: 0.5180792261630585
OverTaking_recall: 0.7114168247944339
LaneChange_f1: 0.1927279952314723
LaneChange_precision: 0.12111878797968867
LaneChange_recall: 0.4714841218405703
WrongLane_f1: 0.09635205558772439
WrongLane_precision: 0.05710363761153054
WrongLane_recall: 0.30814814814814817
Cutting_f1: 0.029159519725557463
Cutting_precision: 0.015496809480401094
Cutting_recall: 0.2463768115942029


epoch: 15weighted_roc_auc: 0.7059001976899324
weighted_f1: 0.6863210165400928
weighted_precision: 0.6840284553038801
weighted_recall: 0.7159204272049763


epoch: 20Background_f1: 0.7871174827548958
Background_precision: 0.8235009202751138
Background_recall: 0.7538129581461338
OverTaking_f1: 0.594033548732715
OverTaking_precision: 0.5151867123526337
OverTaking_recall: 0.7013757115749526
LaneChange_f1: 0.1909327172971412
LaneChange_precision: 0.11617119966266076
LaneChange_recall: 0.5356448476992871
WrongLane_f1: 0.09680120582816949
WrongLane_precision: 0.06254057563297988
WrongLane_recall: 0.21407407407407408
Cutting_f1: 0.020446096654275093
Cutting_precision: 0.011311053984575836
Cutting_recall: 0.10628019323671498


epoch: 20weighted_roc_auc: 0.7012268397463046
weighted_f1: 0.6820262374349989
weighted_precision: 0.6811423461068807
weighted_recall: 0.7107955323435635

