weighted_roc_auc: 0.6664186290861905
weighted_f1: 0.6742905771430328
weighted_precision: 0.6722014696332086
weighted_recall: 0.6781727379553466

